temps d'execution moyen tri par selection [3.75878000e-03 9.95958000e-03 2.35125500e-02 3.94552200e-02
 6.08993900e-02 8.59999900e-02 1.16170990e-01 1.55583430e-01
 1.90236630e-01 2.42250070e-01 3.21796470e-01 3.45918000e-01
 4.05681200e-01 4.63596670e-01 6.28199670e-01 6.39808620e-01
 6.81467470e-01 8.17845140e-01 8.66699390e-01 1.00206939e+00
 1.09477117e+00 1.19871395e+00 1.30272252e+00 1.43941174e+00
 1.59151796e+00 1.72157441e+00 1.81735104e+00 1.99027595e+00
 2.17348189e+00 2.48548934e+00 2.46450182e+00 2.58770110e+00
 2.67463804e+00 2.90857446e+00 2.90787314e+00 2.85975662e+00
 2.95922499e+00 3.14470052e+00 3.35270715e+00 3.85778263e+00
 4.73637506e+00 5.31982753e+00 4.79894695e+00 4.94800397e+00
 5.32421628e+00 5.78424972e+00 6.13795745e+00 1.49422496e+01
 1.69974137e+01 1.17214505e+01 1.25931178e+01 2.39167031e+01
 1.36994392e+01 1.11202426e+01 1.20924810e+01 2.01520023e+01
 2.54198525e+01 1.61925369e+01 2.18898879e+01 2.24338241e+01
 1.19943856e+01 9.55513857e+00 1.07084084e+01 9.47570158e+00
 9.70516266e+00 1.00131741e+01 1.02528016e+01 1.07239751e+01
 1.09794377e+01 1.14463043e+01 1.16135692e+01 1.19665751e+01
 1.22797245e+01 1.26901268e+01 1.30643025e+01 1.33065208e+01
 1.38913923e+01 1.37448783e+01 1.39836305e+01 1.48707982e+01
 1.58813446e+01 1.65886358e+01 1.64330671e+01 1.77843200e+01
 1.64141591e+01 1.65305831e+01 1.68888051e+01 1.73425691e+01
 1.80325504e+01 2.04855230e+01 1.86433997e+01 2.00864117e+01
 2.20049395e+01 2.02651774e+01 2.02129729e+01 2.06502718e+01
 2.10695017e+01 2.28367683e+01 2.49689354e+01]
temps d'execution moyen tri à bulles [9.86035000e-03 3.23711100e-02 7.13472400e-02 1.16400860e-01
 1.80487860e-01 2.66010000e-01 3.48321560e-01 4.88533680e-01
 5.66012930e-01 7.11523370e-01 9.21651730e-01 1.06831384e+00
 1.19362356e+00 1.39960682e+00 1.86773598e+00 1.88015819e+00
 2.04252026e+00 2.52703550e+00 2.59934008e+00 3.07679774e+00
 3.36421602e+00 3.62514450e+00 3.94977870e+00 4.25593586e+00
 4.77348329e+00 4.95426324e+00 5.41352735e+00 6.00287711e+00
 6.66068798e+00 7.18002158e+00 7.38731452e+00 7.78488817e+00
 8.03077907e+00 8.69771943e+00 8.60728326e+00 8.44447086e+00
 8.73598816e+00 9.25873481e+00 9.84393573e+00 1.19425146e+01
 1.42608374e+01 1.54805193e+01 1.43096013e+01 1.53273467e+01
 1.59073837e+01 1.73776059e+01 1.93035446e+01 5.38164704e+01
 5.14717958e+01 3.40176205e+01 4.20530313e+01 6.56129488e+01
 4.12773106e+01 3.37166189e+01 3.52531379e+01 6.81206659e+01
 7.53234001e+01 5.33130061e+01 7.93815035e+01 6.04370846e+01
 3.70812867e+01 2.88440776e+01 3.24292617e+01 2.89840250e+01
 2.95841001e+01 3.05186573e+01 3.16839588e+01 3.23471169e+01
 3.35290366e+01 3.44468875e+01 3.54075292e+01 3.61278896e+01
 3.74649968e+01 3.88508064e+01 3.94955685e+01 4.04677841e+01
 4.14431671e+01 4.14342105e+01 4.16933870e+01 4.58391930e+01
 4.82411303e+01 4.93238027e+01 4.93176941e+01 5.43051930e+01
 4.93582569e+01 4.92505005e+01 5.07784363e+01 5.21817462e+01
 5.50196013e+01 6.19005097e+01 5.53983625e+01 5.90557094e+01
 6.37997341e+01 5.90435134e+01 6.08792459e+01 6.21666106e+01
 6.33471730e+01 6.92811082e+01 7.47189404e+01]
temps d'execution moyen tri rapide [0.00114686 0.00156619 0.0025624  0.00347967 0.00477167 0.00509394
 0.00661249 0.00796577 0.00829357 0.00958309 0.01135605 0.01172881
 0.01181028 0.01340461 0.0172613  0.01518648 0.01663039 0.01874944
 0.01884696 0.02277655 0.02243049 0.02361665 0.02400315 0.02713106
 0.02926314 0.02844616 0.02964419 0.03156085 0.0352783  0.03691963
 0.03900765 0.03787552 0.03652393 0.03787788 0.03812582 0.03796153
 0.03812248 0.03874474 0.03949511 0.0458691  0.05765982 0.05417772
 0.05468832 0.05429547 0.05535385 0.05535818 0.06545994 0.16044171
 0.1825876  0.10527676 0.12066713 0.21359917 0.09879928 0.09867857
 0.09964553 0.20305138 0.24266931 0.14708445 0.23801636 0.18733298
 0.12173031 0.07655354 0.07671658 0.07396077 0.0742695  0.07692316
 0.07708764 0.07604868 0.08815351 0.08468343 0.08148448 0.0858938
 0.08485784 0.08545437 0.08869833 0.08973889 0.09284519 0.08429776
 0.08875383 0.09468135 0.1025167  0.10438738 0.1049715  0.11023014
 0.10044757 0.1009946  0.10191693 0.09844003 0.10777733 0.11713975
 0.10615221 0.11379406 0.11799471 0.11076192 0.11313489 0.1099744
 0.11455449 0.13904328 0.13214783]
la taille des vecteurs [ 100.  200.  300.  400.  500.  600.  700.  800.  900. 1000. 1100. 1200.
 1300. 1400. 1500. 1600. 1700. 1800. 1900. 2000. 2100. 2200. 2300. 2400.
 2500. 2600. 2700. 2800. 2900. 3000. 3100. 3200. 3300. 3400. 3500. 3600.
 3700. 3800. 3900. 4000. 4100. 4200. 4300. 4400. 4500. 4600. 4700. 4800.
 4900. 5000. 5100. 5200. 5300. 5400. 5500. 5600. 5700. 5800. 5900. 6000.
 6100. 6200. 6300. 6400. 6500. 6600. 6700. 6800. 6900. 7000. 7100. 7200.
 7300. 7400. 7500. 7600. 7700. 7800. 7900. 8000. 8100. 8200. 8300. 8400.
 8500. 8600. 8700. 8800. 8900. 9000. 9100. 9200. 9300. 9400. 9500. 9600.
 9700. 9800. 9900.]
